{
 "cells": [
  {
   "cell_type": "code",
   "execution_count": 1,
   "id": "2fe2032a",
   "metadata": {},
   "outputs": [],
   "source": [
    "import pandas as pd"
   ]
  },
  {
   "cell_type": "code",
   "execution_count": 2,
   "id": "5d394e41",
   "metadata": {},
   "outputs": [],
   "source": [
    "# Lists of data\n",
    "data = {'Revenue': [274515,200734,182527,181945,143015,129184,92224,85965,84893,\n",
    "                    82345,77867,73620,69864,63191],\n",
    "        'Employees': [147000,267937,135301,878429,163000,197000,158000,58604,\n",
    "                      109700,350864,110600,364800,85858,243540],\n",
    "        'Sector': ['Consumer Electronics','Consumer Electronics','Software Services',\n",
    "                   'Chip Manufacturing','Software Services','Consumer Electronics',\n",
    "                   'Consumer Electronics','Software Services','Consumer Electronics',\n",
    "                   'Consumer Electronics','Chip Manufacturing','Software Services',\n",
    "                   'Software Services','Consumer Electronics'],\n",
    "        'Founding Date':['01-04-1976','13-01-1969','04-09-1998','20-02-1974',\n",
    "                         '04-04-1975','15-09-1987','01-02-1984','04-02-2004',\n",
    "                         '07-04-1946','01-01-1910','18-07-1968','16-06-1911',\n",
    "                         '11-11-1998','07-03-1918'],\n",
    "        'Country':['USA','South Korea','USA','Taiwan','USA','China','USA','USA',\n",
    "                   'Japan','Japan','USA','USA','China','Japan']} \n",
    "index = ['Apple','Samsung','Alphabet','Foxconn','Microsoft','Huawei',\n",
    "         'Dell Technologies','Meta','Sony','Hitachi','Intel','IBM',\n",
    "         'Tencent','Panasonic']"
   ]
  },
  {
   "cell_type": "code",
   "execution_count": 3,
   "id": "427dc5e8",
   "metadata": {},
   "outputs": [],
   "source": [
    "df = pd.DataFrame(data, index=index)\n",
    "df[\"Revenue per Employee\"] = df[\"Revenue\"] / df[\"Employees\"]"
   ]
  },
  {
   "cell_type": "code",
   "execution_count": 4,
   "id": "4a58f993",
   "metadata": {},
   "outputs": [
    {
     "data": {
      "text/html": [
       "<div>\n",
       "<style scoped>\n",
       "    .dataframe tbody tr th:only-of-type {\n",
       "        vertical-align: middle;\n",
       "    }\n",
       "\n",
       "    .dataframe tbody tr th {\n",
       "        vertical-align: top;\n",
       "    }\n",
       "\n",
       "    .dataframe thead th {\n",
       "        text-align: right;\n",
       "    }\n",
       "</style>\n",
       "<table border=\"1\" class=\"dataframe\">\n",
       "  <thead>\n",
       "    <tr style=\"text-align: right;\">\n",
       "      <th></th>\n",
       "      <th>Revenue</th>\n",
       "      <th>Employees</th>\n",
       "      <th>Sector</th>\n",
       "      <th>Founding Date</th>\n",
       "      <th>Country</th>\n",
       "      <th>Revenue per Employee</th>\n",
       "    </tr>\n",
       "  </thead>\n",
       "  <tbody>\n",
       "    <tr>\n",
       "      <th>Apple</th>\n",
       "      <td>274515</td>\n",
       "      <td>147000</td>\n",
       "      <td>Consumer Electronics</td>\n",
       "      <td>01-04-1976</td>\n",
       "      <td>USA</td>\n",
       "      <td>1.867449</td>\n",
       "    </tr>\n",
       "    <tr>\n",
       "      <th>Samsung</th>\n",
       "      <td>200734</td>\n",
       "      <td>267937</td>\n",
       "      <td>Consumer Electronics</td>\n",
       "      <td>13-01-1969</td>\n",
       "      <td>South Korea</td>\n",
       "      <td>0.749184</td>\n",
       "    </tr>\n",
       "    <tr>\n",
       "      <th>Alphabet</th>\n",
       "      <td>182527</td>\n",
       "      <td>135301</td>\n",
       "      <td>Software Services</td>\n",
       "      <td>04-09-1998</td>\n",
       "      <td>USA</td>\n",
       "      <td>1.349044</td>\n",
       "    </tr>\n",
       "    <tr>\n",
       "      <th>Foxconn</th>\n",
       "      <td>181945</td>\n",
       "      <td>878429</td>\n",
       "      <td>Chip Manufacturing</td>\n",
       "      <td>20-02-1974</td>\n",
       "      <td>Taiwan</td>\n",
       "      <td>0.207125</td>\n",
       "    </tr>\n",
       "    <tr>\n",
       "      <th>Microsoft</th>\n",
       "      <td>143015</td>\n",
       "      <td>163000</td>\n",
       "      <td>Software Services</td>\n",
       "      <td>04-04-1975</td>\n",
       "      <td>USA</td>\n",
       "      <td>0.877393</td>\n",
       "    </tr>\n",
       "    <tr>\n",
       "      <th>Huawei</th>\n",
       "      <td>129184</td>\n",
       "      <td>197000</td>\n",
       "      <td>Consumer Electronics</td>\n",
       "      <td>15-09-1987</td>\n",
       "      <td>China</td>\n",
       "      <td>0.655756</td>\n",
       "    </tr>\n",
       "    <tr>\n",
       "      <th>Dell Technologies</th>\n",
       "      <td>92224</td>\n",
       "      <td>158000</td>\n",
       "      <td>Consumer Electronics</td>\n",
       "      <td>01-02-1984</td>\n",
       "      <td>USA</td>\n",
       "      <td>0.583696</td>\n",
       "    </tr>\n",
       "    <tr>\n",
       "      <th>Meta</th>\n",
       "      <td>85965</td>\n",
       "      <td>58604</td>\n",
       "      <td>Software Services</td>\n",
       "      <td>04-02-2004</td>\n",
       "      <td>USA</td>\n",
       "      <td>1.466879</td>\n",
       "    </tr>\n",
       "    <tr>\n",
       "      <th>Sony</th>\n",
       "      <td>84893</td>\n",
       "      <td>109700</td>\n",
       "      <td>Consumer Electronics</td>\n",
       "      <td>07-04-1946</td>\n",
       "      <td>Japan</td>\n",
       "      <td>0.773865</td>\n",
       "    </tr>\n",
       "    <tr>\n",
       "      <th>Hitachi</th>\n",
       "      <td>82345</td>\n",
       "      <td>350864</td>\n",
       "      <td>Consumer Electronics</td>\n",
       "      <td>01-01-1910</td>\n",
       "      <td>Japan</td>\n",
       "      <td>0.234692</td>\n",
       "    </tr>\n",
       "    <tr>\n",
       "      <th>Intel</th>\n",
       "      <td>77867</td>\n",
       "      <td>110600</td>\n",
       "      <td>Chip Manufacturing</td>\n",
       "      <td>18-07-1968</td>\n",
       "      <td>USA</td>\n",
       "      <td>0.704042</td>\n",
       "    </tr>\n",
       "    <tr>\n",
       "      <th>IBM</th>\n",
       "      <td>73620</td>\n",
       "      <td>364800</td>\n",
       "      <td>Software Services</td>\n",
       "      <td>16-06-1911</td>\n",
       "      <td>USA</td>\n",
       "      <td>0.201809</td>\n",
       "    </tr>\n",
       "    <tr>\n",
       "      <th>Tencent</th>\n",
       "      <td>69864</td>\n",
       "      <td>85858</td>\n",
       "      <td>Software Services</td>\n",
       "      <td>11-11-1998</td>\n",
       "      <td>China</td>\n",
       "      <td>0.813716</td>\n",
       "    </tr>\n",
       "    <tr>\n",
       "      <th>Panasonic</th>\n",
       "      <td>63191</td>\n",
       "      <td>243540</td>\n",
       "      <td>Consumer Electronics</td>\n",
       "      <td>07-03-1918</td>\n",
       "      <td>Japan</td>\n",
       "      <td>0.259469</td>\n",
       "    </tr>\n",
       "  </tbody>\n",
       "</table>\n",
       "</div>"
      ],
      "text/plain": [
       "                   Revenue  Employees                Sector Founding Date  \\\n",
       "Apple               274515     147000  Consumer Electronics    01-04-1976   \n",
       "Samsung             200734     267937  Consumer Electronics    13-01-1969   \n",
       "Alphabet            182527     135301     Software Services    04-09-1998   \n",
       "Foxconn             181945     878429    Chip Manufacturing    20-02-1974   \n",
       "Microsoft           143015     163000     Software Services    04-04-1975   \n",
       "Huawei              129184     197000  Consumer Electronics    15-09-1987   \n",
       "Dell Technologies    92224     158000  Consumer Electronics    01-02-1984   \n",
       "Meta                 85965      58604     Software Services    04-02-2004   \n",
       "Sony                 84893     109700  Consumer Electronics    07-04-1946   \n",
       "Hitachi              82345     350864  Consumer Electronics    01-01-1910   \n",
       "Intel                77867     110600    Chip Manufacturing    18-07-1968   \n",
       "IBM                  73620     364800     Software Services    16-06-1911   \n",
       "Tencent              69864      85858     Software Services    11-11-1998   \n",
       "Panasonic            63191     243540  Consumer Electronics    07-03-1918   \n",
       "\n",
       "                       Country  Revenue per Employee  \n",
       "Apple                      USA              1.867449  \n",
       "Samsung            South Korea              0.749184  \n",
       "Alphabet                   USA              1.349044  \n",
       "Foxconn                 Taiwan              0.207125  \n",
       "Microsoft                  USA              0.877393  \n",
       "Huawei                   China              0.655756  \n",
       "Dell Technologies          USA              0.583696  \n",
       "Meta                       USA              1.466879  \n",
       "Sony                     Japan              0.773865  \n",
       "Hitachi                  Japan              0.234692  \n",
       "Intel                      USA              0.704042  \n",
       "IBM                        USA              0.201809  \n",
       "Tencent                  China              0.813716  \n",
       "Panasonic                Japan              0.259469  "
      ]
     },
     "execution_count": 4,
     "metadata": {},
     "output_type": "execute_result"
    }
   ],
   "source": [
    "df"
   ]
  },
  {
   "cell_type": "markdown",
   "id": "f5ef89ac",
   "metadata": {},
   "source": [
    "### Sorting Values"
   ]
  },
  {
   "cell_type": "markdown",
   "id": "afc0ee90",
   "metadata": {},
   "source": [
    "Default, simplest method:"
   ]
  },
  {
   "cell_type": "code",
   "execution_count": 5,
   "id": "a6367b09",
   "metadata": {},
   "outputs": [
    {
     "data": {
      "text/html": [
       "<div>\n",
       "<style scoped>\n",
       "    .dataframe tbody tr th:only-of-type {\n",
       "        vertical-align: middle;\n",
       "    }\n",
       "\n",
       "    .dataframe tbody tr th {\n",
       "        vertical-align: top;\n",
       "    }\n",
       "\n",
       "    .dataframe thead th {\n",
       "        text-align: right;\n",
       "    }\n",
       "</style>\n",
       "<table border=\"1\" class=\"dataframe\">\n",
       "  <thead>\n",
       "    <tr style=\"text-align: right;\">\n",
       "      <th></th>\n",
       "      <th>Revenue</th>\n",
       "      <th>Employees</th>\n",
       "      <th>Sector</th>\n",
       "      <th>Founding Date</th>\n",
       "      <th>Country</th>\n",
       "      <th>Revenue per Employee</th>\n",
       "    </tr>\n",
       "  </thead>\n",
       "  <tbody>\n",
       "    <tr>\n",
       "      <th>Meta</th>\n",
       "      <td>85965</td>\n",
       "      <td>58604</td>\n",
       "      <td>Software Services</td>\n",
       "      <td>04-02-2004</td>\n",
       "      <td>USA</td>\n",
       "      <td>1.466879</td>\n",
       "    </tr>\n",
       "    <tr>\n",
       "      <th>Tencent</th>\n",
       "      <td>69864</td>\n",
       "      <td>85858</td>\n",
       "      <td>Software Services</td>\n",
       "      <td>11-11-1998</td>\n",
       "      <td>China</td>\n",
       "      <td>0.813716</td>\n",
       "    </tr>\n",
       "    <tr>\n",
       "      <th>Sony</th>\n",
       "      <td>84893</td>\n",
       "      <td>109700</td>\n",
       "      <td>Consumer Electronics</td>\n",
       "      <td>07-04-1946</td>\n",
       "      <td>Japan</td>\n",
       "      <td>0.773865</td>\n",
       "    </tr>\n",
       "    <tr>\n",
       "      <th>Intel</th>\n",
       "      <td>77867</td>\n",
       "      <td>110600</td>\n",
       "      <td>Chip Manufacturing</td>\n",
       "      <td>18-07-1968</td>\n",
       "      <td>USA</td>\n",
       "      <td>0.704042</td>\n",
       "    </tr>\n",
       "    <tr>\n",
       "      <th>Alphabet</th>\n",
       "      <td>182527</td>\n",
       "      <td>135301</td>\n",
       "      <td>Software Services</td>\n",
       "      <td>04-09-1998</td>\n",
       "      <td>USA</td>\n",
       "      <td>1.349044</td>\n",
       "    </tr>\n",
       "    <tr>\n",
       "      <th>Apple</th>\n",
       "      <td>274515</td>\n",
       "      <td>147000</td>\n",
       "      <td>Consumer Electronics</td>\n",
       "      <td>01-04-1976</td>\n",
       "      <td>USA</td>\n",
       "      <td>1.867449</td>\n",
       "    </tr>\n",
       "    <tr>\n",
       "      <th>Dell Technologies</th>\n",
       "      <td>92224</td>\n",
       "      <td>158000</td>\n",
       "      <td>Consumer Electronics</td>\n",
       "      <td>01-02-1984</td>\n",
       "      <td>USA</td>\n",
       "      <td>0.583696</td>\n",
       "    </tr>\n",
       "    <tr>\n",
       "      <th>Microsoft</th>\n",
       "      <td>143015</td>\n",
       "      <td>163000</td>\n",
       "      <td>Software Services</td>\n",
       "      <td>04-04-1975</td>\n",
       "      <td>USA</td>\n",
       "      <td>0.877393</td>\n",
       "    </tr>\n",
       "    <tr>\n",
       "      <th>Huawei</th>\n",
       "      <td>129184</td>\n",
       "      <td>197000</td>\n",
       "      <td>Consumer Electronics</td>\n",
       "      <td>15-09-1987</td>\n",
       "      <td>China</td>\n",
       "      <td>0.655756</td>\n",
       "    </tr>\n",
       "    <tr>\n",
       "      <th>Panasonic</th>\n",
       "      <td>63191</td>\n",
       "      <td>243540</td>\n",
       "      <td>Consumer Electronics</td>\n",
       "      <td>07-03-1918</td>\n",
       "      <td>Japan</td>\n",
       "      <td>0.259469</td>\n",
       "    </tr>\n",
       "    <tr>\n",
       "      <th>Samsung</th>\n",
       "      <td>200734</td>\n",
       "      <td>267937</td>\n",
       "      <td>Consumer Electronics</td>\n",
       "      <td>13-01-1969</td>\n",
       "      <td>South Korea</td>\n",
       "      <td>0.749184</td>\n",
       "    </tr>\n",
       "    <tr>\n",
       "      <th>Hitachi</th>\n",
       "      <td>82345</td>\n",
       "      <td>350864</td>\n",
       "      <td>Consumer Electronics</td>\n",
       "      <td>01-01-1910</td>\n",
       "      <td>Japan</td>\n",
       "      <td>0.234692</td>\n",
       "    </tr>\n",
       "    <tr>\n",
       "      <th>IBM</th>\n",
       "      <td>73620</td>\n",
       "      <td>364800</td>\n",
       "      <td>Software Services</td>\n",
       "      <td>16-06-1911</td>\n",
       "      <td>USA</td>\n",
       "      <td>0.201809</td>\n",
       "    </tr>\n",
       "    <tr>\n",
       "      <th>Foxconn</th>\n",
       "      <td>181945</td>\n",
       "      <td>878429</td>\n",
       "      <td>Chip Manufacturing</td>\n",
       "      <td>20-02-1974</td>\n",
       "      <td>Taiwan</td>\n",
       "      <td>0.207125</td>\n",
       "    </tr>\n",
       "  </tbody>\n",
       "</table>\n",
       "</div>"
      ],
      "text/plain": [
       "                   Revenue  Employees                Sector Founding Date  \\\n",
       "Meta                 85965      58604     Software Services    04-02-2004   \n",
       "Tencent              69864      85858     Software Services    11-11-1998   \n",
       "Sony                 84893     109700  Consumer Electronics    07-04-1946   \n",
       "Intel                77867     110600    Chip Manufacturing    18-07-1968   \n",
       "Alphabet            182527     135301     Software Services    04-09-1998   \n",
       "Apple               274515     147000  Consumer Electronics    01-04-1976   \n",
       "Dell Technologies    92224     158000  Consumer Electronics    01-02-1984   \n",
       "Microsoft           143015     163000     Software Services    04-04-1975   \n",
       "Huawei              129184     197000  Consumer Electronics    15-09-1987   \n",
       "Panasonic            63191     243540  Consumer Electronics    07-03-1918   \n",
       "Samsung             200734     267937  Consumer Electronics    13-01-1969   \n",
       "Hitachi              82345     350864  Consumer Electronics    01-01-1910   \n",
       "IBM                  73620     364800     Software Services    16-06-1911   \n",
       "Foxconn             181945     878429    Chip Manufacturing    20-02-1974   \n",
       "\n",
       "                       Country  Revenue per Employee  \n",
       "Meta                       USA              1.466879  \n",
       "Tencent                  China              0.813716  \n",
       "Sony                     Japan              0.773865  \n",
       "Intel                      USA              0.704042  \n",
       "Alphabet                   USA              1.349044  \n",
       "Apple                      USA              1.867449  \n",
       "Dell Technologies          USA              0.583696  \n",
       "Microsoft                  USA              0.877393  \n",
       "Huawei                   China              0.655756  \n",
       "Panasonic                Japan              0.259469  \n",
       "Samsung            South Korea              0.749184  \n",
       "Hitachi                  Japan              0.234692  \n",
       "IBM                        USA              0.201809  \n",
       "Foxconn                 Taiwan              0.207125  "
      ]
     },
     "execution_count": 5,
     "metadata": {},
     "output_type": "execute_result"
    }
   ],
   "source": [
    "df.sort_values('Employees')"
   ]
  },
  {
   "cell_type": "markdown",
   "id": "46e397a5",
   "metadata": {},
   "source": [
    "The original dataframe has not been modified:"
   ]
  },
  {
   "cell_type": "code",
   "execution_count": 6,
   "id": "5ec60c54",
   "metadata": {},
   "outputs": [
    {
     "data": {
      "text/html": [
       "<div>\n",
       "<style scoped>\n",
       "    .dataframe tbody tr th:only-of-type {\n",
       "        vertical-align: middle;\n",
       "    }\n",
       "\n",
       "    .dataframe tbody tr th {\n",
       "        vertical-align: top;\n",
       "    }\n",
       "\n",
       "    .dataframe thead th {\n",
       "        text-align: right;\n",
       "    }\n",
       "</style>\n",
       "<table border=\"1\" class=\"dataframe\">\n",
       "  <thead>\n",
       "    <tr style=\"text-align: right;\">\n",
       "      <th></th>\n",
       "      <th>Revenue</th>\n",
       "      <th>Employees</th>\n",
       "      <th>Sector</th>\n",
       "      <th>Founding Date</th>\n",
       "      <th>Country</th>\n",
       "      <th>Revenue per Employee</th>\n",
       "    </tr>\n",
       "  </thead>\n",
       "  <tbody>\n",
       "    <tr>\n",
       "      <th>Apple</th>\n",
       "      <td>274515</td>\n",
       "      <td>147000</td>\n",
       "      <td>Consumer Electronics</td>\n",
       "      <td>01-04-1976</td>\n",
       "      <td>USA</td>\n",
       "      <td>1.867449</td>\n",
       "    </tr>\n",
       "    <tr>\n",
       "      <th>Samsung</th>\n",
       "      <td>200734</td>\n",
       "      <td>267937</td>\n",
       "      <td>Consumer Electronics</td>\n",
       "      <td>13-01-1969</td>\n",
       "      <td>South Korea</td>\n",
       "      <td>0.749184</td>\n",
       "    </tr>\n",
       "    <tr>\n",
       "      <th>Alphabet</th>\n",
       "      <td>182527</td>\n",
       "      <td>135301</td>\n",
       "      <td>Software Services</td>\n",
       "      <td>04-09-1998</td>\n",
       "      <td>USA</td>\n",
       "      <td>1.349044</td>\n",
       "    </tr>\n",
       "    <tr>\n",
       "      <th>Foxconn</th>\n",
       "      <td>181945</td>\n",
       "      <td>878429</td>\n",
       "      <td>Chip Manufacturing</td>\n",
       "      <td>20-02-1974</td>\n",
       "      <td>Taiwan</td>\n",
       "      <td>0.207125</td>\n",
       "    </tr>\n",
       "    <tr>\n",
       "      <th>Microsoft</th>\n",
       "      <td>143015</td>\n",
       "      <td>163000</td>\n",
       "      <td>Software Services</td>\n",
       "      <td>04-04-1975</td>\n",
       "      <td>USA</td>\n",
       "      <td>0.877393</td>\n",
       "    </tr>\n",
       "  </tbody>\n",
       "</table>\n",
       "</div>"
      ],
      "text/plain": [
       "           Revenue  Employees                Sector Founding Date  \\\n",
       "Apple       274515     147000  Consumer Electronics    01-04-1976   \n",
       "Samsung     200734     267937  Consumer Electronics    13-01-1969   \n",
       "Alphabet    182527     135301     Software Services    04-09-1998   \n",
       "Foxconn     181945     878429    Chip Manufacturing    20-02-1974   \n",
       "Microsoft   143015     163000     Software Services    04-04-1975   \n",
       "\n",
       "               Country  Revenue per Employee  \n",
       "Apple              USA              1.867449  \n",
       "Samsung    South Korea              0.749184  \n",
       "Alphabet           USA              1.349044  \n",
       "Foxconn         Taiwan              0.207125  \n",
       "Microsoft          USA              0.877393  "
      ]
     },
     "execution_count": 6,
     "metadata": {},
     "output_type": "execute_result"
    }
   ],
   "source": [
    "df.head()"
   ]
  },
  {
   "cell_type": "markdown",
   "id": "91459cb8",
   "metadata": {},
   "source": [
    "Sorting in descending order:"
   ]
  },
  {
   "cell_type": "code",
   "execution_count": 7,
   "id": "918c1a50",
   "metadata": {},
   "outputs": [
    {
     "data": {
      "text/html": [
       "<div>\n",
       "<style scoped>\n",
       "    .dataframe tbody tr th:only-of-type {\n",
       "        vertical-align: middle;\n",
       "    }\n",
       "\n",
       "    .dataframe tbody tr th {\n",
       "        vertical-align: top;\n",
       "    }\n",
       "\n",
       "    .dataframe thead th {\n",
       "        text-align: right;\n",
       "    }\n",
       "</style>\n",
       "<table border=\"1\" class=\"dataframe\">\n",
       "  <thead>\n",
       "    <tr style=\"text-align: right;\">\n",
       "      <th></th>\n",
       "      <th>Revenue</th>\n",
       "      <th>Employees</th>\n",
       "      <th>Sector</th>\n",
       "      <th>Founding Date</th>\n",
       "      <th>Country</th>\n",
       "      <th>Revenue per Employee</th>\n",
       "    </tr>\n",
       "  </thead>\n",
       "  <tbody>\n",
       "    <tr>\n",
       "      <th>Foxconn</th>\n",
       "      <td>181945</td>\n",
       "      <td>878429</td>\n",
       "      <td>Chip Manufacturing</td>\n",
       "      <td>20-02-1974</td>\n",
       "      <td>Taiwan</td>\n",
       "      <td>0.207125</td>\n",
       "    </tr>\n",
       "    <tr>\n",
       "      <th>IBM</th>\n",
       "      <td>73620</td>\n",
       "      <td>364800</td>\n",
       "      <td>Software Services</td>\n",
       "      <td>16-06-1911</td>\n",
       "      <td>USA</td>\n",
       "      <td>0.201809</td>\n",
       "    </tr>\n",
       "    <tr>\n",
       "      <th>Hitachi</th>\n",
       "      <td>82345</td>\n",
       "      <td>350864</td>\n",
       "      <td>Consumer Electronics</td>\n",
       "      <td>01-01-1910</td>\n",
       "      <td>Japan</td>\n",
       "      <td>0.234692</td>\n",
       "    </tr>\n",
       "    <tr>\n",
       "      <th>Samsung</th>\n",
       "      <td>200734</td>\n",
       "      <td>267937</td>\n",
       "      <td>Consumer Electronics</td>\n",
       "      <td>13-01-1969</td>\n",
       "      <td>South Korea</td>\n",
       "      <td>0.749184</td>\n",
       "    </tr>\n",
       "    <tr>\n",
       "      <th>Panasonic</th>\n",
       "      <td>63191</td>\n",
       "      <td>243540</td>\n",
       "      <td>Consumer Electronics</td>\n",
       "      <td>07-03-1918</td>\n",
       "      <td>Japan</td>\n",
       "      <td>0.259469</td>\n",
       "    </tr>\n",
       "    <tr>\n",
       "      <th>Huawei</th>\n",
       "      <td>129184</td>\n",
       "      <td>197000</td>\n",
       "      <td>Consumer Electronics</td>\n",
       "      <td>15-09-1987</td>\n",
       "      <td>China</td>\n",
       "      <td>0.655756</td>\n",
       "    </tr>\n",
       "    <tr>\n",
       "      <th>Microsoft</th>\n",
       "      <td>143015</td>\n",
       "      <td>163000</td>\n",
       "      <td>Software Services</td>\n",
       "      <td>04-04-1975</td>\n",
       "      <td>USA</td>\n",
       "      <td>0.877393</td>\n",
       "    </tr>\n",
       "    <tr>\n",
       "      <th>Dell Technologies</th>\n",
       "      <td>92224</td>\n",
       "      <td>158000</td>\n",
       "      <td>Consumer Electronics</td>\n",
       "      <td>01-02-1984</td>\n",
       "      <td>USA</td>\n",
       "      <td>0.583696</td>\n",
       "    </tr>\n",
       "    <tr>\n",
       "      <th>Apple</th>\n",
       "      <td>274515</td>\n",
       "      <td>147000</td>\n",
       "      <td>Consumer Electronics</td>\n",
       "      <td>01-04-1976</td>\n",
       "      <td>USA</td>\n",
       "      <td>1.867449</td>\n",
       "    </tr>\n",
       "    <tr>\n",
       "      <th>Alphabet</th>\n",
       "      <td>182527</td>\n",
       "      <td>135301</td>\n",
       "      <td>Software Services</td>\n",
       "      <td>04-09-1998</td>\n",
       "      <td>USA</td>\n",
       "      <td>1.349044</td>\n",
       "    </tr>\n",
       "    <tr>\n",
       "      <th>Intel</th>\n",
       "      <td>77867</td>\n",
       "      <td>110600</td>\n",
       "      <td>Chip Manufacturing</td>\n",
       "      <td>18-07-1968</td>\n",
       "      <td>USA</td>\n",
       "      <td>0.704042</td>\n",
       "    </tr>\n",
       "    <tr>\n",
       "      <th>Sony</th>\n",
       "      <td>84893</td>\n",
       "      <td>109700</td>\n",
       "      <td>Consumer Electronics</td>\n",
       "      <td>07-04-1946</td>\n",
       "      <td>Japan</td>\n",
       "      <td>0.773865</td>\n",
       "    </tr>\n",
       "    <tr>\n",
       "      <th>Tencent</th>\n",
       "      <td>69864</td>\n",
       "      <td>85858</td>\n",
       "      <td>Software Services</td>\n",
       "      <td>11-11-1998</td>\n",
       "      <td>China</td>\n",
       "      <td>0.813716</td>\n",
       "    </tr>\n",
       "    <tr>\n",
       "      <th>Meta</th>\n",
       "      <td>85965</td>\n",
       "      <td>58604</td>\n",
       "      <td>Software Services</td>\n",
       "      <td>04-02-2004</td>\n",
       "      <td>USA</td>\n",
       "      <td>1.466879</td>\n",
       "    </tr>\n",
       "  </tbody>\n",
       "</table>\n",
       "</div>"
      ],
      "text/plain": [
       "                   Revenue  Employees                Sector Founding Date  \\\n",
       "Foxconn             181945     878429    Chip Manufacturing    20-02-1974   \n",
       "IBM                  73620     364800     Software Services    16-06-1911   \n",
       "Hitachi              82345     350864  Consumer Electronics    01-01-1910   \n",
       "Samsung             200734     267937  Consumer Electronics    13-01-1969   \n",
       "Panasonic            63191     243540  Consumer Electronics    07-03-1918   \n",
       "Huawei              129184     197000  Consumer Electronics    15-09-1987   \n",
       "Microsoft           143015     163000     Software Services    04-04-1975   \n",
       "Dell Technologies    92224     158000  Consumer Electronics    01-02-1984   \n",
       "Apple               274515     147000  Consumer Electronics    01-04-1976   \n",
       "Alphabet            182527     135301     Software Services    04-09-1998   \n",
       "Intel                77867     110600    Chip Manufacturing    18-07-1968   \n",
       "Sony                 84893     109700  Consumer Electronics    07-04-1946   \n",
       "Tencent              69864      85858     Software Services    11-11-1998   \n",
       "Meta                 85965      58604     Software Services    04-02-2004   \n",
       "\n",
       "                       Country  Revenue per Employee  \n",
       "Foxconn                 Taiwan              0.207125  \n",
       "IBM                        USA              0.201809  \n",
       "Hitachi                  Japan              0.234692  \n",
       "Samsung            South Korea              0.749184  \n",
       "Panasonic                Japan              0.259469  \n",
       "Huawei                   China              0.655756  \n",
       "Microsoft                  USA              0.877393  \n",
       "Dell Technologies          USA              0.583696  \n",
       "Apple                      USA              1.867449  \n",
       "Alphabet                   USA              1.349044  \n",
       "Intel                      USA              0.704042  \n",
       "Sony                     Japan              0.773865  \n",
       "Tencent                  China              0.813716  \n",
       "Meta                       USA              1.466879  "
      ]
     },
     "execution_count": 7,
     "metadata": {},
     "output_type": "execute_result"
    }
   ],
   "source": [
    "df.sort_values('Employees', ascending=False)"
   ]
  },
  {
   "cell_type": "markdown",
   "id": "c2798e76",
   "metadata": {},
   "source": [
    "#### Sorting by Multiple Columns"
   ]
  },
  {
   "cell_type": "code",
   "execution_count": 8,
   "id": "dfe0fea9",
   "metadata": {},
   "outputs": [
    {
     "data": {
      "text/html": [
       "<div>\n",
       "<style scoped>\n",
       "    .dataframe tbody tr th:only-of-type {\n",
       "        vertical-align: middle;\n",
       "    }\n",
       "\n",
       "    .dataframe tbody tr th {\n",
       "        vertical-align: top;\n",
       "    }\n",
       "\n",
       "    .dataframe thead th {\n",
       "        text-align: right;\n",
       "    }\n",
       "</style>\n",
       "<table border=\"1\" class=\"dataframe\">\n",
       "  <thead>\n",
       "    <tr style=\"text-align: right;\">\n",
       "      <th></th>\n",
       "      <th>Revenue</th>\n",
       "      <th>Employees</th>\n",
       "      <th>Sector</th>\n",
       "      <th>Founding Date</th>\n",
       "      <th>Country</th>\n",
       "      <th>Revenue per Employee</th>\n",
       "    </tr>\n",
       "  </thead>\n",
       "  <tbody>\n",
       "    <tr>\n",
       "      <th>Meta</th>\n",
       "      <td>85965</td>\n",
       "      <td>58604</td>\n",
       "      <td>Software Services</td>\n",
       "      <td>04-02-2004</td>\n",
       "      <td>USA</td>\n",
       "      <td>1.466879</td>\n",
       "    </tr>\n",
       "    <tr>\n",
       "      <th>Intel</th>\n",
       "      <td>77867</td>\n",
       "      <td>110600</td>\n",
       "      <td>Chip Manufacturing</td>\n",
       "      <td>18-07-1968</td>\n",
       "      <td>USA</td>\n",
       "      <td>0.704042</td>\n",
       "    </tr>\n",
       "    <tr>\n",
       "      <th>Alphabet</th>\n",
       "      <td>182527</td>\n",
       "      <td>135301</td>\n",
       "      <td>Software Services</td>\n",
       "      <td>04-09-1998</td>\n",
       "      <td>USA</td>\n",
       "      <td>1.349044</td>\n",
       "    </tr>\n",
       "    <tr>\n",
       "      <th>Apple</th>\n",
       "      <td>274515</td>\n",
       "      <td>147000</td>\n",
       "      <td>Consumer Electronics</td>\n",
       "      <td>01-04-1976</td>\n",
       "      <td>USA</td>\n",
       "      <td>1.867449</td>\n",
       "    </tr>\n",
       "    <tr>\n",
       "      <th>Dell Technologies</th>\n",
       "      <td>92224</td>\n",
       "      <td>158000</td>\n",
       "      <td>Consumer Electronics</td>\n",
       "      <td>01-02-1984</td>\n",
       "      <td>USA</td>\n",
       "      <td>0.583696</td>\n",
       "    </tr>\n",
       "    <tr>\n",
       "      <th>Microsoft</th>\n",
       "      <td>143015</td>\n",
       "      <td>163000</td>\n",
       "      <td>Software Services</td>\n",
       "      <td>04-04-1975</td>\n",
       "      <td>USA</td>\n",
       "      <td>0.877393</td>\n",
       "    </tr>\n",
       "    <tr>\n",
       "      <th>IBM</th>\n",
       "      <td>73620</td>\n",
       "      <td>364800</td>\n",
       "      <td>Software Services</td>\n",
       "      <td>16-06-1911</td>\n",
       "      <td>USA</td>\n",
       "      <td>0.201809</td>\n",
       "    </tr>\n",
       "    <tr>\n",
       "      <th>Foxconn</th>\n",
       "      <td>181945</td>\n",
       "      <td>878429</td>\n",
       "      <td>Chip Manufacturing</td>\n",
       "      <td>20-02-1974</td>\n",
       "      <td>Taiwan</td>\n",
       "      <td>0.207125</td>\n",
       "    </tr>\n",
       "    <tr>\n",
       "      <th>Samsung</th>\n",
       "      <td>200734</td>\n",
       "      <td>267937</td>\n",
       "      <td>Consumer Electronics</td>\n",
       "      <td>13-01-1969</td>\n",
       "      <td>South Korea</td>\n",
       "      <td>0.749184</td>\n",
       "    </tr>\n",
       "    <tr>\n",
       "      <th>Sony</th>\n",
       "      <td>84893</td>\n",
       "      <td>109700</td>\n",
       "      <td>Consumer Electronics</td>\n",
       "      <td>07-04-1946</td>\n",
       "      <td>Japan</td>\n",
       "      <td>0.773865</td>\n",
       "    </tr>\n",
       "    <tr>\n",
       "      <th>Panasonic</th>\n",
       "      <td>63191</td>\n",
       "      <td>243540</td>\n",
       "      <td>Consumer Electronics</td>\n",
       "      <td>07-03-1918</td>\n",
       "      <td>Japan</td>\n",
       "      <td>0.259469</td>\n",
       "    </tr>\n",
       "    <tr>\n",
       "      <th>Hitachi</th>\n",
       "      <td>82345</td>\n",
       "      <td>350864</td>\n",
       "      <td>Consumer Electronics</td>\n",
       "      <td>01-01-1910</td>\n",
       "      <td>Japan</td>\n",
       "      <td>0.234692</td>\n",
       "    </tr>\n",
       "    <tr>\n",
       "      <th>Tencent</th>\n",
       "      <td>69864</td>\n",
       "      <td>85858</td>\n",
       "      <td>Software Services</td>\n",
       "      <td>11-11-1998</td>\n",
       "      <td>China</td>\n",
       "      <td>0.813716</td>\n",
       "    </tr>\n",
       "    <tr>\n",
       "      <th>Huawei</th>\n",
       "      <td>129184</td>\n",
       "      <td>197000</td>\n",
       "      <td>Consumer Electronics</td>\n",
       "      <td>15-09-1987</td>\n",
       "      <td>China</td>\n",
       "      <td>0.655756</td>\n",
       "    </tr>\n",
       "  </tbody>\n",
       "</table>\n",
       "</div>"
      ],
      "text/plain": [
       "                   Revenue  Employees                Sector Founding Date  \\\n",
       "Meta                 85965      58604     Software Services    04-02-2004   \n",
       "Intel                77867     110600    Chip Manufacturing    18-07-1968   \n",
       "Alphabet            182527     135301     Software Services    04-09-1998   \n",
       "Apple               274515     147000  Consumer Electronics    01-04-1976   \n",
       "Dell Technologies    92224     158000  Consumer Electronics    01-02-1984   \n",
       "Microsoft           143015     163000     Software Services    04-04-1975   \n",
       "IBM                  73620     364800     Software Services    16-06-1911   \n",
       "Foxconn             181945     878429    Chip Manufacturing    20-02-1974   \n",
       "Samsung             200734     267937  Consumer Electronics    13-01-1969   \n",
       "Sony                 84893     109700  Consumer Electronics    07-04-1946   \n",
       "Panasonic            63191     243540  Consumer Electronics    07-03-1918   \n",
       "Hitachi              82345     350864  Consumer Electronics    01-01-1910   \n",
       "Tencent              69864      85858     Software Services    11-11-1998   \n",
       "Huawei              129184     197000  Consumer Electronics    15-09-1987   \n",
       "\n",
       "                       Country  Revenue per Employee  \n",
       "Meta                       USA              1.466879  \n",
       "Intel                      USA              0.704042  \n",
       "Alphabet                   USA              1.349044  \n",
       "Apple                      USA              1.867449  \n",
       "Dell Technologies          USA              0.583696  \n",
       "Microsoft                  USA              0.877393  \n",
       "IBM                        USA              0.201809  \n",
       "Foxconn                 Taiwan              0.207125  \n",
       "Samsung            South Korea              0.749184  \n",
       "Sony                     Japan              0.773865  \n",
       "Panasonic                Japan              0.259469  \n",
       "Hitachi                  Japan              0.234692  \n",
       "Tencent                  China              0.813716  \n",
       "Huawei                   China              0.655756  "
      ]
     },
     "execution_count": 8,
     "metadata": {},
     "output_type": "execute_result"
    }
   ],
   "source": [
    "df.sort_values(by=['Country', 'Employees'], ascending=[False, True])"
   ]
  },
  {
   "cell_type": "markdown",
   "id": "8b5ef3ca",
   "metadata": {},
   "source": [
    "#### Immutability and the `inplace` parameter"
   ]
  },
  {
   "cell_type": "code",
   "execution_count": 9,
   "id": "8b3541fd",
   "metadata": {},
   "outputs": [],
   "source": [
    "df.sort_values(by=['Employees'], inplace=True)"
   ]
  },
  {
   "cell_type": "code",
   "execution_count": 10,
   "id": "41067645",
   "metadata": {},
   "outputs": [
    {
     "data": {
      "text/html": [
       "<div>\n",
       "<style scoped>\n",
       "    .dataframe tbody tr th:only-of-type {\n",
       "        vertical-align: middle;\n",
       "    }\n",
       "\n",
       "    .dataframe tbody tr th {\n",
       "        vertical-align: top;\n",
       "    }\n",
       "\n",
       "    .dataframe thead th {\n",
       "        text-align: right;\n",
       "    }\n",
       "</style>\n",
       "<table border=\"1\" class=\"dataframe\">\n",
       "  <thead>\n",
       "    <tr style=\"text-align: right;\">\n",
       "      <th></th>\n",
       "      <th>Revenue</th>\n",
       "      <th>Employees</th>\n",
       "      <th>Sector</th>\n",
       "      <th>Founding Date</th>\n",
       "      <th>Country</th>\n",
       "      <th>Revenue per Employee</th>\n",
       "    </tr>\n",
       "  </thead>\n",
       "  <tbody>\n",
       "    <tr>\n",
       "      <th>Meta</th>\n",
       "      <td>85965</td>\n",
       "      <td>58604</td>\n",
       "      <td>Software Services</td>\n",
       "      <td>04-02-2004</td>\n",
       "      <td>USA</td>\n",
       "      <td>1.466879</td>\n",
       "    </tr>\n",
       "    <tr>\n",
       "      <th>Tencent</th>\n",
       "      <td>69864</td>\n",
       "      <td>85858</td>\n",
       "      <td>Software Services</td>\n",
       "      <td>11-11-1998</td>\n",
       "      <td>China</td>\n",
       "      <td>0.813716</td>\n",
       "    </tr>\n",
       "    <tr>\n",
       "      <th>Sony</th>\n",
       "      <td>84893</td>\n",
       "      <td>109700</td>\n",
       "      <td>Consumer Electronics</td>\n",
       "      <td>07-04-1946</td>\n",
       "      <td>Japan</td>\n",
       "      <td>0.773865</td>\n",
       "    </tr>\n",
       "    <tr>\n",
       "      <th>Intel</th>\n",
       "      <td>77867</td>\n",
       "      <td>110600</td>\n",
       "      <td>Chip Manufacturing</td>\n",
       "      <td>18-07-1968</td>\n",
       "      <td>USA</td>\n",
